N-gram=2
Train data:
Precision: 1.0, Recall: 0.8402130492676432, F-score: 0.9131693198263386
Test data:
Precision: 1.0, Recall: 0.8253968253968254, F-score: 0.9043478260869565

N-gram=3
Train data:
Precision: 1.0, Recall: 0.9307589880159787, F-score: 0.9641379310344826
Test data:
Precision: 1.0, Recall: 0.9126984126984127, F-score: 0.9543568464730291
